ID	Date	Lat	Lon	Site	DW	Mat	Sex	Month	CYP	GST	UGT	NPH	PYR	BaP	LPO
SJR14-01	11/7/2014	30.40773333	-81.52108333	4	27	1	1	11	2.518	20.14937403	89.91				36.0856385
SJR14-02	11/7/2014	30.44038333	-81.45436667	4	21.5	0	1	11	0.456	9.105671316	61.62	336343	3935	230	38.66004963
SJR14-03	12/2/2014	30.45136667	-81.44698333	4	24	1	1	12	1.165	31.9252369	73.43	224403	1220	0	6.619217082
SJR14-04	12/2/2014	30.5102	-81.46255	3	26	1	1	12	1.724	18.43245165	83.23	202015	1694	0	13.25174825
SJR14-05	12/2/2014	30.54565	-81.46523333	3	27	0	0	12	2.546	20.70907886	47.56	224403	3947	644	10.98687241
SJR14-06	12/4/2014	30.65843333	-81.4828	2	23	1	1	12	1.447	30.84938644	56.05	187090	1800	0	6.950928382
SJR14-07	12/4/2014	30.65843333	-81.4828	2	24	1	0	12	1.551	25.69616316	9.91	336343	2090	0	12.61744966
SJR14-08	12/4/2014	30.65843333	-81.4828	2	24	1	1	12	2.563	23.47028937	47.78	216940	1506	0	6.362032463
SJR15-01	1/22/2015	29.8761	-81.6116	4	28	1	0	1	0.746	21.24008088	65.33	925896	11122	9773	2.197916667
SJR15-02	1/27/2015	30.37575	-81.53158333	4	19	0	1	1	5.003	9.266435287	48.70	2627388	51376	31785	9.63003663
SJR15-03	2/5/2015	30.69396667	-81.4647	2	15	0	1	2	8.260	33.78422277	202.68	1791567	41914	22976	5.825846154
SJR15-04	2/5/2015	30.69396667	-81.4647	2	14	0	1	2	3.374	25.72798503	44.20	485597	8853	3622	6.436792634
SJR15-05	2/5/2015	30.69396667	-81.4647	2	15.6	0	1	2	3.963	40.70813216	41.24	575149	5996	2269	4.864842316
SJR15-06	2/12/2015	30.57488333	-81.47345	3	24.1	1	0	2	3.179	8.002300661	30.23	507985	13102	3915	14.4048931
SJR15-07	2/17/2015	29.84241667	-81.5908	4	22.2	1	0	2	0.746	9.319085487	89.72	918433	13114	9476	2.17751938
SJR15-08	2/17/2015	29.82273333	-81.58721667	4	26.2	1	1	2	0.000	18.54	94.77	709478	11322	12733	15.4170068
SJR15-09	3/3/2015	29.662	-81.62541667	4	21.6	0	0	3	2.035	12.86777716	69.72	1246791	14796	9862	6.510679612
SJR15-10	3/3/2015	29.662	-81.62541667	4	16.8	0	0	3	0.578	17.5	29.14	246791	3992	292	30.57910448
SJR15-11	3/3/2015	29.759	-81.5565	4	22.5	0	0	3	0.000	25.16546292	25.09	791567	8547	6613	1.888268156
SJR15-12	3/24/2015	30.39626667	-81.59245	4	25.4	1	1	3	1.411	3.998994539	68.11	522910	7453	1695	5.207371795
SJR15-13	3/24/2015	30.39626667	-81.59245	4	24.4	1	1	3	3.765	5.686974695	9.24	336343	5065	1235	3.99510304
SJR15-14	3/24/2015	30.39626667	-81.59245	4	20.8	0	1	3	2.096	5.822087287	16.32	410970	4547	596	6.067679774
SJR15-15	3/24/2015	30.39626667	-81.59245	4	24.8	1	1	3	0.000	12.47417456	77.88	2507985	52208	26806	13.5212704
SJR15-16	4/14/2015	29.78626667	-81.53013333	4	28.5	1	0	4	2.578	9.940357853	41.25	358731	2547	1907	13.61152361
SJR15-17	4/14/2015	29.78626667	-81.53013333	4	29.6	1	0	4	0.925	10.46353458	26.77	202015	2543	1411	8.538706516
SJR15-18	5/18/2015	30.50206667	-81.49155	3	19.6	0	0	5	4.822	17.39562624	97.43				4.523305085
SJR15-19	5/18/2015	30.50206667	-81.49155	3	25	1	1	5	9.149	11.71607555	40.32	231866	1751	0	6.865003808
SJR15-20	5/20/2015	30.37198333	-81.52076667	4	25.8	1	1	5	9.081	12.35524705	26.14	134851	886	1	49.87227325
SJR15-21	5/20/2015	30.35768333	-81.52713333	4	22.1	0	0	5	6.436	9.604210486	39.06	112463	94	0	34.0552465
SJR15-22	5/20/2015	30.421	-81.5306	4	26	1	0	5	5.017	54.9548239	99.92	463209	4278	2341	29.28675676
SJR15-23	5/26/2015	30.14768333	-81.71033333	4	22.6	1	1	5	6.686	17.77950185	43.83	179627	302	0	8.263967611
SJR15-24	5/26/2015	30.14768333	-81.71033333	4	21.6	0	1	5	0.000	23.73816801	0.00	224403	2714	199	7.255865922
SJR15-25	5/26/2015	30.14768333	-81.71033333	4	21.8	1	0	5	8.148	37.58543268	39.35	239328	567	0	4.732624113
SJR15-26	5/27/2015	30.70056667	-81.47778333	2	23.3	1	1	5	7.734	31.9252369	39.53	239328	846	0	13.94539007
SJR15-27	5/27/2015	30.70056667	-81.47778333	2	19.1	0	0	5	3.696	26.31271196	3.30				9.2140625
SJR15-28	5/27/2015	30.658	-81.4825	2	21.4	1	0	5	0.847	20.21767699	0.00	179627	6376	0	4.992622951
SJR15-29	5/27/2015	30.60823333	-81.47911667	3	22.8	1	0	5	7.296	18.17665436	39.23	530373	40233	11524	27.57448537
SJR15-30	5/27/2015	30.63995	-81.49151667	2	24.5	1	1	5	3.096	17.88212524	44.21	194552	10167	101	6.606
SJR15-31	5/27/2015	30.63995	-81.49151667	2	23.9	1	0	5	3.842	30.02816435	22.07	261716	10327	554	11.81716738
SJR15-32	6/3/2015	30.6754	-81.47398333	2	24.2	1	1	6	0.944	12.68981854	26.37	246791	7192	0	16.79565833
SJR15-33	6/3/2015	30.63958333	-81.48796667	2	22.8	1	1	6	2.949	13.78396289	45.65	202015	9347	0	20.47621359
SJR15-34	6/3/2015	30.63958333	-81.48796667	2	24.9	1	0	6	6.977	33.80166429	15.28	507985	12269	1334	22.35535714
SJR15-35	6/4/2015	30.5467	-81.50606667	3	23.4	1	1	6	10.981	26.50762094	96.01	224403	17188	4072	33.44878049
SJR15-36	6/10/2015	30.42186667	-81.47801667	4	21.4	1	0	6	4.217	19.20842097	10.65	142313	7380	0	30.04207574
SJR15-37	6/10/2015	30.42186667	-81.47801667	4	22.2	1	0	6	4.016	12.32912602	51.39	254254	8514	0	42.58727915
SJR15-38	6/10/2015	30.42381667	-81.50333333	4	19.7	1	0	6	3.786	19.98590468	0.00	336343	11776	2459	31.18459215
SJR15-39	6/10/2015	30.42381667	-81.50333333	4	15.2	0	0	6	4.759	11.47967836	0.00	231866	9971	404	9.64504065
SJR15-40	6/12/2015	31.03877	-81.45527	1	27.6	1	0	6	2.824	28.48949914	0.00	246791	16008	4142	18.715
SJR15-41	6/15/2015	29.956	-81.60213333	4	22.7	0	1	6	4.605	27.96675604	41.97	306493	9151	1248	15.82483444
SJR15-42	6/16/2015	29.76248333	-81.54095	4	17.2	0	0	6	1.309	16.44633416	32.66	239328	7620	0	29.09429825
SJR15-43	6/16/2015	29.70395	-81.57905	4	20.8	0	1	6	5.509	15.29285824	22.53	373657	8645	434	6.8
SJR15-44	6/16/2015	29.6363	-81.61298333	4	23	1	1	6	5.520	27.90275889	34.08	448284	10155	502	9.517716535
SJR15-45	6/16/2015	29.6363	-81.61298333	4	23.1	1	0	6	3.171	27.61210515	0.00	448284	9849	1138	34.00705882
SJR15-46	6/22/2015	30.39603333	-81.45466667	4	18.9	0	0	6	2.076	15.93812652	27.79				3.817232704
SJR15-47	6/22/2015	30.45268333	-81.44718333	4	16.6	0	0	6	0.000	37.03270573	0.00	358731	8951	2273	1.28952381
SJR15-48	6/22/2015	30.45268333	-81.44718333	4	23	1	0	6	3.282	36.62237104	0.00				13.98122288
SJR15-49	6/22/2015	30.41435	-81.45318333	4	16.9	0	0	6	0.576	16.99206471	0.00	179627	7567	0	3.848072289
SJR15-50	7/15/2015	30.38168333	-81.58595	4	23.7	1	0	7	2.212	13.13788793	0.00				30.64538419
SJR15-51	7/15/2015	30.35625	-81.53266667	4	25.5	1	0	7	0.900	20.61703851	0.00	0	1419	0	20.90753247
SJR15-52	7/15/2015	30.35625	-81.53266667	4	33.6	1	0	7	4.432	14.85340829	0.00	0	4974	1148	21.93984733
SJR15-53	7/15/2015	30.35625	-81.53266667	4	23	1	0	7	3.598	16.39646656	18.82	0	1758	0	30.82908996
SJR15-54	7/15/2015	30.36243333	-81.54166667	4	22.3	0	1	7	9.249	14.6016556	0.39	0	1476	0	15.39255814
SJR15-55	7/15/2015	30.42078333	-81.53426667	4	16	0	1	7	2.897	9.572196451	0.00	363706	13835	5665	3.668490028
SJR15-56	7/15/2015	30.42078333	-81.53426667	4	18.9	0	1	7	8.452	23.58728982	9.43	0	3603	782	13.88333333
SJR15-57	8/3/2015	30.48113333	-81.45871667	3	19	0	1	8	7.475	24.49073674	0.00	0	1774	459	4.515672131
SJR15-58	8/3/2015	30.53433333	-81.4604	3	19.4	0	0	8	2.364	13.49925141	8.31	751766	17525	10619	2.862429907
SJR15-59	8/3/2015	30.56943333	-81.47536667	3	21	1	0	8	5.384	19.97149523	5.44	311468	6546	3030	1.988381743
SJR15-60	8/3/2015	30.56943333	-81.47536667	3	20.1	1	1	8	15.801	41.85413833	7.82	117438	3705	1469	3.669856459
SJR15-61	8/5/2015	29.71691667	-81.54291667	4	22	1	1	8	2.326	11.1160991	27.69	109975	1941	1167	3.622013423
SJR15-62	8/10/2015	30.3827	-81.54113333	4	24.9	1	1	8	7.353	12.19350563	16.16	72662	1158	0	5.212054795
SJR15-63	8/10/2015	30.3827	-81.54113333	4	21.6	0	0	8	0.461	16.7576914	6.09	0	1186	0	2.322130178
SJR15-64	8/10/2015	30.3827	-81.54113333	4	26.8	1	0	8	5.093	32.68062856	27.24	371169	9615	3870	5.257530864
SJR15-65	8/10/2015	30.40606667	-81.54883333	4	21.7	0	1	8	10.382	34.49621903	0.00	0	154	0	17.35840466
SJR15-66	8/10/2015	30.40606667	-81.54883333	4	18.4	0	1	8	7.174	18.0323952	35.30	214453	4113	5353	6.866849315
SJR15-67	8/10/2015	30.40606667	-81.54883333	4	14.8	0	1	8	0.000	24.7104941	0.00	139826	6464	916	1.365373134
SJR15-68	8/10/2015	30.40606667	-81.54883333	4	12.1	0	1	8	1.840	20.23482515	0.00				1.492260536
SJR15-69	8/11/2015	29.92965	-81.59146667	4	24.8	1	1	8	1.316	27.18730353	35.47	0	1493	0	3.188301887
SJR15-70	8/12/2015	30.21708333	-81.62255	4	22.6	1	0	8	1.287	32.65431565	0.00	0	1190	0	2.567540984
SJR15-71	8/12/2015	30.25146667	-81.6906	4	20.8	0	0	8	0.000	9.399865582	0.00	0	223	90	2.228417508
SJR15-72	9/2/2015	30.39276667	-81.57268333	4	24.2	1	0	9	2.900	27.37199988	45.21	662214	19872	7402	10.85354167
SJR15-73	9/3/2015	30.42398333	-81.4565	4	31	1	0	9	0.149	22.89294536	0.00	87587	1750	0	18.15272098
SJR15-74	9/3/2015	30.42398333	-81.4565	4	23.9	1	0	9	0.902	31.1854364	0.00	0	231	0	18.32803347
SJR15-75	9/3/2015	30.42398333	-81.4565	4	23.7	1	0	9	7.030	36.56223578	82.09	0	1141	154	28.10294118
SJR15-76	9/8/2015	30.6932	-81.46721667	2	23.6	1	1	9	1.410	17.41929376	40.47	0	909	196	15.83149686
SJR15-77	9/8/2015	30.6932	-81.46721667	2	22.5	1	1	9	0.000	21.43998753	0.00	0	1562	197	32.64470588
SJR15-78	9/8/2015	30.6932	-81.46721667	2	20.9	0	1	9	0.901	13.53580644	0.00	0	48	0	34.15952789
SJR15-79	9/21/2015	30.11185	-81.74656667	4	23.4	1	0	9	0.000	38.7916404	0.00	102512	2578	1569	2.220879121
SJR15-80	10/15/2015	30.48598333	-81.45925	3	25.2	1	1	10	1.010	12.04891861	14.21	0	1223	524	14.19049573
SJR15-81	12/7/2015	30.71471667	-81.48771667	2	23.7	1	0	12	1.560	25.37963707	0.00	80124	1688	359	4.300707395
SJR15-82	12/17/2015	30.36475	-81.5483	4	24.8	1	1	12	0.969	9.798536924	0.61	483109	11954	5618	10.71467577
SJR15-83	12/17/2015	33.37673333	-81.53066667	2	20.5	0	0	12	0.689	18.21134263	0.00	95050	6301	2114	19.27893738
SJR16-01	4/14/2016	29.3126	-81.67428333	5	23.9	1	1	4	0.737	19.55480233	57.47	132363	5541	4611	4.193271028
SJR16-02	4/14/2016	29.3126	-81.67428333	5	24.6	1	1	4	0.779	16.90083214	82.70	162214	3619	3013	4.264615385
SJR16-03	4/14/2016	29.3126	-81.67428333	5	27	1	1	4	0.472	21.30076683	56.94	147289	3337	1686	2.431666667
SJR16-04	4/14/2016	29.30646667	-81.66728333	5	27.8	1	1	4	0.452	29.45291216	55.32	117438	2668	1891	2.863111111
SJR16-05	4/14/2016	29.30646667	-81.66728333	5	24.7	1	1	4	0.785	19.60070563	50.20	192065	7668	10638	1.828359133
SJR16-06	4/14/2016	29.3126	-81.67428333	5	26.8	1	0	4	0.000	32.70420765	57.99	221915	7211	10764	1.885714286
SJR16-07	4/14/2016	29.3126	-81.67428333	5	24.4	1	0	4	0.210	29.12925378	38.10	57736	6301	10195	1.949243697
SJR16-08	4/14/2016	29.3126	-81.67428333	5	23.8	1	1	4	1.538	23.75683009	16.75	296542	7831	9043	2.109892473
SJR16-09	5/12/2016	28.85793333	-81.28283333	6	32.8	1	0	5	3.520	41.41815772	19.85	87587	9562	4466	11.47325301
SJR16-10	5/12/2016	28.85793333	-81.28283333	6	28.8	1	0	5	0.899	18.37161847	0.00				1.929256198
SJR16-11	5/12/2016	28.86096667	-81.28375	6	29	1	0	5	1.895	31.08918505	12.30	42811	6113	2208	1.987083333
SJR16-12	5/12/2016	28.86738333	-81.27701667	6	28.6	1	0	5	0.122	25.8610936	5.16	102512	8856	3984	3.319642857
SJR16-13	5/12/2016	28.86738333	-81.27701667	6	24.6	1	0	5	1.172	14.76747685	31.63	87587	5019	2473	2.929817444
SJR16-14	5/12/2016	28.86738333	-81.27701667	6	31	1	0	5	0.768	20.11739089	0.00	117438	5219	2508	1.887152318
SJR16-15	5/26/2016	31.15951667	-81.44671667	1	31.3	1	0	5	3.469	18.93401496	65.63	244303	6819	2952	5.238706468
SJR16-16	6/15/2016	31.15886667	-81.44668333	1	32.1	1	0	6	9.585	26.71310637	16.37	415945	11256	7259	3.746554622
SJR16-17	6/23/2016	30.96861667	-81.5028	1	23.4	1	1	6	13.884	19.1529053	38.06	102512	9061	4039	16.44904762
SJR16-18	6/28/2016	30.44636667	-81.44723333	3	24.3	1	0	6	2.296	20.18792323	10.72	206990	9163	4892	2.520515021
SJR16-19	6/29/2016	30.67406667	-81.47483333	2	28.4	1	0	6	1.660	30.58571647	19.64	595050	16955	7361	15.47613527
SJR16-20	7/13/2016	30.67578333	-81.47851667	2	26.5	1	1	7	6.732	23.17099733	35.59	378632	11457	7466	1.805414365
SJR16-21	7/14/2016	30.96506667	-81.51103333	1	23.7	1	0	7	3.865	22.85139736	0.00	117438	5608	2951	11.85589958
SJR16-23	8/3/2016	31.10779	-81.44238	1	26.3	1	1	8	6.625	16.13507362	0.00	333856	11584	7783	10.97641026
SJR16-24	8/11/2016	31.09645	-81.43431667	1	25	1	1	8	6.377	12.80197602	20.41	401020	21269	10405	5.308847584
SJR16-25	8/11/2016	31.14105	-81.41518333	1	25.4	1	1	8	3.937	11.2798387	20.77	371169	19555	9764	4.085957447
SJR16-26	8/12/2016	29.32123333	-81.64991667	5	24.8	1	1	8	0.000	26.50762094	0.00	393557	9024	7343	1.692108108
SJR16-27	8/12/2016	29.32475	-81.64858333	5	28.4	1	0	8	0.000	33.13452618	0.00	326393	9845	6125	1.920863309
SJR16-28	8/12/2016	29.32475	-81.64858333	5	24	1	1	8	0.288	14.00809237	0.00	184602	5294	3145	7.768333333
SJR16-29	8/12/2016	29.32475	-81.64858333	5	22.1	1	1	8	2.303	23.56232973	1.60	341318	8053	2982	1.515646259
SJR16-30	8/12/2016	29.32523333	-81.64496667	5	29	1	0	8	2.549	18.4080701	84.89	401020	10624	6863	1.734211438
SJR16-31	8/19/2016	31.1021	-81.42935	1	34	1	0	8	9.009	20.64118024	0.00	117438	8371	5095	3.455504886
SJR16-32	8/19/2016	31.1021	-81.42935	1	25.4	1	1	8	4.683	23.88073959	1.85	236841	7706	5188	2.586727689
SJR16-33	9/17/2016	28.85908333	-81.28166667	6	32.8	1	0	9	6.691	25.43660595	0.68	289080	8918	4997	2.189047619
SJR16-34	9/17/2016	28.86163333	-81.26341667	6	26.8	1	1	9	0.000	49.70178926	0.00	0	2148	329	2.768695652
SJR16-35	9/17/2016	28.8602	-81.26968333	6	33	1	0	9	8.056	22.90782057	4.13	0	2716	536	2.596641221
SJR16-36	9/17/2016	28.86116667	-81.27441667	6	32.7	1	0	9	11.849	29.29789683	0.00	0	3667	1295	1.9075
SJR16-37	9/17/2016	28.86116667	-81.27441667	6	30.2	1	0	9	4.420	33.13452618	71.16	766692	23871	13815	0.912671082
SJR16-38	9/17/2016	28.86701667	-81.2781	6	27	1	0	9	1.954	35.68333588	94.54				1.812580645
SJR16-39	9/17/2016	28.86701667	-81.2781	6	26.5	1	0	9	1.939	25.00718957	27.96	318930	10667	5766	1.478130841
SJR16-40	9/17/2016	28.86701667	-81.2781	6	33	1	0	9	9.139	31.87625303	64.57	192065	5430	2728	8.494653465
SJR16-41	9/17/2016	28.86701667	-81.2781	6	24.5	1	0	9	0.819	35.01006539	49.24	165945	9446	5200	2.501126761
SJR16-42	9/17/2016	28.85731667	-81.28311667	6	33.5	1	0	9	2.714	29.82107356	73.60	304005	6863	3077	1.5934375
SJR16-43	9/17/2016	28.85731667	-81.28311667	6	26.5	1	1	9	0.000	27.11006687	108.53	356244	10907	5461	2.37400722
SJR16-44	9/17/2016	28.85731667	-81.28311667	6	26	1	1	9	0.000	26.44493665	81.67	468184	10499	5345	5.006703158
SJR16-45	9/18/2016	28.85731667	-81.28311667	6	25	1	1	9	0.000	34.30398004	138.61	0	2103	721	3.015206612
SJR16-46	9/18/2016	28.7373	-81.23005	7	23.2	1	0	9	4.620	24.29865253	81.82	341318	13340	6468	4.180618557
SJR16-47	9/18/2016	28.7373	-81.23005	7	24.2	1	1	9	6.742	24.28179017	67.12	460721	18969	12942	10.46753846
SJR16-48	9/18/2016	28.73758333	-81.23053333	7	28.5	1	0	9	4.807	36.95774074	124.61	169677	4214	2040	8.223766234
SJR16-49	9/18/2016	28.7188	-81.25563333	7	26.7	1	1	9	3.371	20.96647984	92.60	251766	10348	5620	7.707294118
AEB-13				6					14.51775589	44.17936824	41.19678294				18.33913043
AEB-14				5					2.066314378	48.59730506	4.147543492				3.645470085
AEB-15				6					0.275631374	29.691978	35.60093034				6.274782609
AEB-16				6					5.723423326	51.30507279	76.09737063				6.186176471
AEB-17				5					4.601035735	71.00255609	38.81013263				7.168372093
AEB-18				6					2.085626823	38.06945561	60.43260458				6.325475285
AEB-19				6					1.087367062	32.69854557	43.38527216				
AEB-20				6					3.744407876	59.64214712	24.14983827				
AEB-21				6					4.675301633	80.67536808	0				
AEB-22				6					5.197785116	79.09532055	62.34137458				
AEB-23				6					2.895917916	73.24474207	37.23950785				
AEB-24				6					5.089787868	48.40522085	71.99013102				
AEB-25				6					3.908165224	37.61216485	25.85449582				
AEB-26				6					0.002463766	46.45027034	16.41534372				
AEB-27				6					2.251670175	82.83631544	64.39934107				
AEB-28				5					4.81164654	59.06589449	18.82183662				4.921948424
AEB-29				6					2.250280549	99.40357853	0				7.194418605
AEB-30				6					0.931181201	36.8161402	68.02386572				9.203809524
AEB-31				7					0.758525396	27.50790852	63.98696861				7.673846154
AEB-32				7					2.870774409	31.03331232	33.67782949				7.186498423
AEB-33				7					2.029342745	27.58956465	73.51314247				13.49291066
AEB-34				6					0	32.68062856	33.65042626				5.388461538
AEB-35				7					1.357143723	21.41000153	18.81203474				5.343259259
AEB-36				5					5.557590389	39.14337807	12.1278582				2.060591716
AEB-37				6					1.028107117	17.10169093	51.14189149				14.94799302
AEB-38				7					1.01163402	16.28781528	37.0600419				7.340979827
AEB-39				6					0.206938062	12.89970103	27.34593186				4.782327791
AEB-40				5					0.173630693	19.16213562	21.87141564				2.166299213
AEB-41				6					0.1812051	12.7674321	24.64694057				
AEB-42				6					2.211815274	16.86848605	113.9045848				
AEB-43				7					0	7.318054861	5.359952793				
AEB-44				6					0.868101702	27.45955208	77.48254735				
AEB-45				6					0.813057138	20.2864446	48.15377174				
AEB-46				5					0.372489966	47.20535236	43.0812577				6.554677419
AEB-47				7					1.198545426	25.04657097	44.39200952				7.263137255
AEB-48				6					0.719729291	19.43892202	35.90785908				
AEB-49				6					0.926939021	36.77357818	80.34557014				
AEB-50				7					0.964928789	24.66950124	76.33293516				
AEB-51				6					0.164952568	16.20710519	67.93478261				
AEB-52				6					1.56260929	19.0347278	44.57036677				
AEB-53				6					0.493823224	22.79317724	54.10191584				
AEB-54				6					0.450563204	34.79125249	65.21685681				
AEB-55				5					1.029051883	37.13979857	47.96668713				3.53751004
AEB-56				5					0.558800045	31.59848854	14.98012203				3.114849785
AEB-57				7					4.685232321	20.10409453	55.39262488				30.1019898
AEB-58				6					1.489908898	20.34305793	48.47263645				4.731167513
AEB-59				7					1.344219517	13.21709631	22.22577594				
AEB-60				7					2.241719424	16.68819202	57.87191245				18.56836165
AEB-61				6					0.033393697	18.88112665	49.7051765				
AEB-62				7					1.535493664	19.16213562	43.69681717				
AEB-63				5					0.579954334	19.2394023	22.26043332				5.50990991
AEB-64				7					2.124553675	20.51746461	11.52068733				
AEB-65				5					0.949426783	14.31411531	5.009047994				
AEB-66				7					1.449570909	28.08010693	54.93416812				
